EOSType = bin
gamma = 1.4
ro0 = 0.
c0 = 0.
Method = godunov
courant = .5
maxTime = 0.012
nZones = 2

l = .8
nSize = 80
ro = 1.
v = -19.59745
p = 1000. 

l = .2
nSize = 20
ro = 1.
v = -19.59745
p = .01
 
